2.63269e-08
1.50859e-08
1.37991e-08
1.45022e-08
1.32093e-08
1.512e-08
1.31565e-08
1.32232e-08
1.31239e-08
1.4035e-08
1.4004e-08
1.23726e-08
1.18464e-08
1.23307e-08
1.338e-08
1.37774e-08
1.24859e-08
1.2638e-08
1.28771e-08
1.30106e-08
1.30447e-08
1.21413e-08
1.20436e-08
1.26008e-08
1.13746e-08
1.18154e-08
1.22019e-08
1.11992e-08
1.1969e-08
1.24611e-08
1.09104e-08
1.12286e-08
1.18961e-08
1.14522e-08
1.10129e-08
1.16089e-08
1.16384e-08
1.10936e-08
1.14258e-08
1.11324e-08
1.15919e-08
1.12318e-08
1.05938e-08
1.09741e-08
1.0881e-08
1.10082e-08
1.11805e-08
1.1387e-08
1.1075e-08
1.1581e-08
1.07568e-08
1.01763e-08
9.81924e-09
9.08971e-09
1.0808e-08
1.03889e-08
9.81459e-09
9.09747e-09
9.36755e-09
9.71369e-09
8.76375e-09
9.9279e-09
9.09437e-09
8.81186e-09
9.70749e-09
9.56934e-09
9.56779e-09
9.79596e-09
9.37997e-09
9.60659e-09
9.06487e-09
8.89413e-09
8.15683e-09
8.25617e-09
9.34893e-09
8.8724e-09
8.90189e-09
8.02955e-09
8.85377e-09
8.56041e-09
8.05284e-09
8.75909e-09
7.9923e-09
8.54488e-09
8.91741e-09
8.03731e-09
7.89762e-09
8.59921e-09
7.45058e-09
7.22085e-09
8.05594e-09
7.26742e-09
7.38384e-09
7.07029e-09
7.62908e-09
7.16808e-09
7.37607e-09
6.74122e-09
6.34852e-09
6.98647e-09
6.51926e-09
6.88092e-09
6.9011e-09
6.61705e-09
6.75054e-09
6.60152e-09
5.7742e-09
5.88285e-09
5.74781e-09
6.31592e-09
5.84871e-09
5.41254e-09
5.11607e-09
5.17194e-09
6.06446e-09
6.01945e-09
5.85336e-09
5.62985e-09
5.44979e-09
6.01945e-09
6.01169e-09
5.17039e-09
5.5631e-09
5.61432e-09
5.11917e-09
5.26197e-09
5.20144e-09
4.52468e-09
4.4688e-09
4.85995e-09
4.69697e-09
4.89565e-09
3.80756e-09
4.014e-09
3.97985e-09
4.39895e-09
4.77303e-09
4.33996e-09
4.15836e-09
4.6116e-09
4.21423e-09
4.09161e-09
3.69269e-09
4.2608e-09
4.62712e-09
4.20337e-09
3.93949e-09
3.19444e-09
3.75013e-09
3.65078e-09
3.35742e-09
3.36828e-09
3.75944e-09
3.90379e-09
3.77186e-09
2.97092e-09
3.03922e-09
3.1308e-09
3.79824e-09
3.52195e-09
2.82656e-09
3.23479e-09
2.93677e-09
3.91466e-09
2.48508e-09
3.1339e-09
3.23945e-09
2.572e-09
3.2053e-09
2.34228e-09
2.59063e-09
2.92901e-09
2.15756e-09
2.75051e-09
2.31278e-09
2.32675e-09
2.35004e-09
1.37525e-09
1.41251e-09
1.33955e-09
2.08461e-09
2.111e-09
1.14087e-09
1.05084e-09
1.06792e-09
1.73226e-09
2.10789e-09
1.28057e-09
1.03998e-09
9.74784e-10
1.80366e-09
1.77262e-09
7.27984e-10
6.87627e-10
8.801e-10
1.1983e-09
6.73657e-10
7.76102e-10
7.34193e-10
6.64343e-10
1.36128e-09
6.00703e-10
6.9694e-10
1.39698e-10
1.42803e-10
1.13466e-09
6.0536e-10
4.36169e-10
2.80949e-10
4.81183e-11
1.01204e-09
4.65661e-12
2.54562e-10
4.33065e-10
-1.67638e-10
-7.14014e-11
-3.61664e-10
-2.31278e-10
-4.23752e-10
3.47694e-10
-2.79397e-11
-4.90497e-10
-1.01049e-09
-9.59262e-10
-7.09357e-10
-1.31627e-09
-9.84097e-10
-1.29919e-09
-9.25114e-10
-7.57476e-10
-9.01831e-10
-1.62205e-09
-2.13739e-09
-2.04425e-09
-1.14863e-09
-3.77186e-10
-1.24642e-09
-9.26666e-10
-1.00738e-09
-1.08654e-09
-5.29302e-10
-1.58635e-09
-1.4808e-09
-1.83781e-09
-1.20606e-09
-5.61898e-10
-1.59877e-09
-2.07064e-09
-1.54134e-09
-1.47304e-09
-1.9387e-09
-2.0101e-09
-2.36866e-09
-2.41368e-09
-1.42958e-09
-1.92163e-09
-2.61236e-09
-3.04853e-09
-3.07957e-09
-1.96664e-09
-1.87196e-09
-2.77224e-09
-3.04698e-09
-2.47421e-09
-2.62323e-09
-2.08771e-09
-2.32365e-09
-2.51457e-09
-2.22431e-09
-2.49439e-09
-3.16494e-09
-3.241e-09
-3.52506e-09
-2.93211e-09
-2.96316e-09
-2.89331e-09
-3.08578e-09
-3.23169e-09
-2.76448e-09
-3.61043e-09
-2.65272e-09
-2.64496e-09
-2.64806e-09
-2.00545e-09
-2.54717e-09
-2.56735e-09
-3.02835e-09
-3.27515e-09
-2.65427e-09
-3.07336e-09
-3.53747e-09
-2.97402e-09
-3.19288e-09
-3.66631e-09
-2.98644e-09
-3.36363e-09
-3.24411e-09
-3.20065e-09
-3.32017e-09
-3.2736e-09
