0.051223364
0.0012031277
4.245109e-05
2.1636382e-05
2.1854446e-05
2.4140123e-05
2.2432343e-05
2.1466345e-05
2.0964419e-05
2.1952093e-05
2.1515578e-05
1.8218954e-05
1.52560515e-05
1.3883706e-05
1.3741389e-05
1.2470001e-05
1.2465363e-05
1.2076376e-05
1.2528182e-05
1.3609425e-05
1.5456448e-05
1.8075672e-05
2.0757481e-05
2.5602092e-05
3.2773758e-05
4.144385e-05
4.253535e-05
5.8021793e-05
7.738432e-05
9.546483e-05
0.00010944365
0.00011902705
0.00012809422
0.00015298618
0.00017732286
0.00017579175
0.00015152979
0.00011233772
9.41807e-05
6.60332e-05
5.107159e-05
4.602671e-05
5.0592018e-05
5.3098356e-05
5.355798e-05
4.415161e-05
3.970145e-05
4.0793835e-05
5.407489e-05
5.993761e-05
5.1510156e-05
3.4972425e-05
2.7238348e-05
2.5067538e-05
3.0367733e-05
4.1635696e-05
0.04687304
0.29750952
0.5875778
1.2125874
1.2673291
1.2723519
1.0037856
1.1165363
1.2141227
0.8121503
0.40107265
0.0076909196
0.002609405
0.119527444
0.60184747
1.1631045
1.4013497
1.8567526
3.0833132
5.4225144
8.195566
10.529745
10.994005
9.150486
6.6012645
4.5542808
3.3372996
2.1975496
1.3175347
0.6931918
0.27456278
0.05171857
0.017580183
0.0048958645
0.000729145
0.0019059452
0.0020120402
0.0021958223
0.0020152149
0.008117023
0.021128261
0.037102535
0.05137143
0.09893407
0.34005257
0.86518115
1.7212777
2.2272282
2.4985845
2.587884
2.5027342
2.1535246
1.255695
0.70934224
0.3253133
0.29476914
0.22674163
0.13000727
0.05155972
0.008140159
0.00016702758
5.9807142e-05
6.7871726e-05
4.7589867e-05
4.0429128e-05
0.025683174
0.10810699
0.18264498
0.20499365
0.17464313
0.13863035
0.13048416
0.12378426
0.13946666
0.20328507
0.24860694
0.28575477
0.3001015
0.23152865
0.14224645
0.023529628
0.0017904976
0.00037942192
0.00097437686
0.029015524
0.50943106
1.0595915
1.9352688
2.533034
2.617516
2.0142784
1.0418918
0.5382526
0.42154518
0.48254466
0.49496552
0.5011096
0.50098896
0.49924532
0.46356857
0.42839882
0.41177708
0.38700673
0.36684144
0.3793009
0.5570969
0.97146094
1.5173495
2.1120121
2.5777464
2.8291814
3.0219238
2.8642187
2.7526877
1.9652143
1.1616884
0.33257115
0.034622837
0.0077101346
0.008861967
0.009433929
0.012709848
0.11802145
0.18331149
0.28611404
0.2978314
0.32731828
0.29323485
0.21081176
0.117704175
0.04309034
0.007536717
0.1667879
0.2650632
0.31151843
0.18384628
0.09837548
0.07030246
0.047487617
0.036806557
0.12658171
0.3976189
0.796337
1.2974014
1.5395131
1.4803256
1.0575732
0.6652655
0.47365555
0.43271008
0.44744462
0.433422
0.38855633
0.26765782
0.13025714
0.035800517
0.034423072
0.18951441
0.5135361
0.63001364
0.5687794
0.27311775
0.13924187
0.053763475
0.025326688
0.014010456
0.0046740663
7.247657e-05
4.4180397e-05
2.1486001e-05
1.8676594e-05
1.6499134e-05
0.00074342545
0.068197675
0.11680737
0.24899639
0.2951159
0.49878693
0.5811572
0.71507215
0.88577825
1.348457
1.77845
2.1029162
1.9588647
1.7459615
1.4708456
1.3031907
1.1609614
1.074954
1.0481361
1.0362374
0.88426566
0.77757573
0.660611
0.6041444
0.52284056
0.44815043
0.35766986
0.28839943
0.2118502
0.19218129
0.19312893
0.22332601
0.21861146
0.20827867
0.20225534
0.19691062
0.18645263
0.16788274
0.14332262
0.111513324
0.078109756
0.052775074
0.030360218
0.016378226
0.01383274
0.02729118
0.04377482
0.04629437
0.04455614
0.037039433
0.04693174
0.04178806
0.037830748
0.020365225
0.012804672
0.0070821596
0.0015129022
0.00035240533
0.0001744675
9.240929e-05
3.722418e-05
2.7585482e-05
1.9644696e-05
1.287237e-05
1.3136445e-05
1.2273121e-05
1.1227704e-05
1.1118914e-05
1.36609215e-05
1.2325873e-05
