0.9933527
0.98291266
0.8423966
0.6870513
0.69598514
0.7169431
0.73985076
0.7108647
0.697289
0.7004613
0.70369613
0.6652638
0.609319
0.60792494
0.589304
0.56529933
0.5404533
0.548122
0.5519457
0.5434898
0.58031595
0.62869424
0.69140893
0.7325162
0.7576538
0.78399384
0.77867764
0.80761117
0.82463276
0.83879125
0.834461
0.82738245
0.8291779
0.8418222
0.85167706
0.8477313
0.8463128
0.8280439
0.8346243
0.8336774
0.83292854
0.8207772
0.8342224
0.84299403
0.8590291
0.7797466
0.6649796
0.69095975
0.68891144
0.6510168
0.59818906
0.59493536
0.76691926
0.7626149
0.7941673
0.8518355
0.88070226
0.9205555
0.9341868
0.9383727
0.9314569
0.9270206
0.9306739
0.9390198
0.95148534
0.9540585
0.96705353
0.9189553
0.99340767
0.5685095
0.29515266
0.22867689
0.34963143
0.63523895
0.9547581
0.9658607
0.9696942
0.96972704
0.96748364
0.9655518
0.9640185
0.9620088
0.9592851
0.95072687
0.94167286
0.92227906
0.9510633
0.9853324
0.98618436
0.97176063
0.9261996
0.90878046
0.92397356
0.9337392
0.97921306
0.98596907
0.99062157
0.9922024
0.9905567
0.9882384
0.9827084
0.984113
0.98295164
0.9754405
0.97682434
0.97368324
0.96851104
0.97157985
0.9715527
0.9753651
0.9881594
0.99214613
0.99324393
0.9933682
0.9880532
0.98556286
0.9370026
0.88550675
0.8986814
0.8701387
0.8591889
0.6509527
0.35088962
0.2031955
0.32348898
0.49976778
0.52443445
0.46054783
0.3882255
0.34681326
0.48880726
0.4547556
0.44707155
0.5022388
0.48650467
0.49024612
0.3181827
0.5659093
0.7802783
0.6968516
0.8891951
0.96836793
0.9772596
0.9747698
0.9715188
0.9724576
0.9690615
0.9766005
0.98601687
0.9970781
0.9956494
0.9958621
0.9974163
0.99584013
0.9948446
0.99651337
0.9964525
0.9952714
0.9960138
0.99604654
0.99509877
0.988198
0.9867931
0.98376423
0.98474985
0.9831372
0.9841524
0.9849499
0.9855971
0.98669565
0.9853999
0.9849575
0.9716585
0.8643726
0.60534775
0.43897727
0.4272554
0.46368945
0.9449448
0.9783993
0.9909987
0.99172264
0.9963038
0.99684316
0.9967789
0.9958968
0.9928426
0.97851783
0.68779975
0.6266612
0.63432497
0.6163853
0.7308256
0.80151266
0.8445423
0.8627189
0.96962214
0.97296625
0.9630903
0.9506131
0.94329417
0.9455072
0.95071876
0.96309775
0.9816798
0.9954626
0.9960077
0.995518
0.99553776
0.99626017
0.9955505
0.9869028
0.6793444
0.4527583
0.37710395
0.36097363
0.29232207
0.4536981
0.5889239
0.4980402
0.58075553
0.8057127
0.8499956
0.91406333
0.8576978
0.6814612
0.6418808
0.62430924
0.5806971
0.870242
0.8844707
0.9068846
0.9341398
0.9454124
0.951189
0.95003325
0.9492133
0.9462368
0.9485739
0.95000196
0.9513717
0.95553184
0.95860213
0.9619345
0.9611309
0.9667862
0.96945477
0.97037226
0.97302943
0.97569346
0.97924906
0.98362446
0.9855419
0.986775
0.9923091
0.9921809
0.99417865
0.99474394
0.9950071
0.9965238
0.99600327
0.9952409
0.99597025
0.996789
0.99697506
0.99545586
0.99637353
0.9964659
0.99555045
0.9880061
0.97712976
0.88740575
0.7373638
0.55574244
0.602493
0.5940412
0.6669178
0.65573233
0.6930372
0.70466757
0.70258534
0.66183954
0.61612254
0.6505061
0.4865445
0.3732749
0.7365251
0.91348165
0.8390812
0.7961785
0.6999183
0.539201
0.5290757
0.53841645
0.4801513
0.4679119
0.536848
0.5441902
